{
 "cells": [
  {
   "cell_type": "markdown",
   "metadata": {},
   "source": [
    "# Device Failure"
   ]
  },
  {
   "cell_type": "markdown",
   "metadata": {},
   "source": [
    "## Goal\n",
    "\n",
    "Build a predictive model to predict whether a device will fail or not based on given data."
   ]
  },
  {
   "cell_type": "code",
   "execution_count": 1,
   "metadata": {},
   "outputs": [],
   "source": [
    "import pandas as pd\n",
    "import numpy as np\n",
    "import pandas_profiling\n",
    "\n",
    "from scipy.stats import skew, norm\n",
    "from scipy.special import boxcox1p\n",
    "from scipy.stats import boxcox_normmax"
   ]
  },
  {
   "cell_type": "code",
   "execution_count": 2,
   "metadata": {},
   "outputs": [],
   "source": [
    "df = pd.read_csv('failures.csv')"
   ]
  },
  {
   "cell_type": "code",
   "execution_count": 3,
   "metadata": {},
   "outputs": [
    {
     "data": {
      "text/html": [
       "<div>\n",
       "<style scoped>\n",
       "    .dataframe tbody tr th:only-of-type {\n",
       "        vertical-align: middle;\n",
       "    }\n",
       "\n",
       "    .dataframe tbody tr th {\n",
       "        vertical-align: top;\n",
       "    }\n",
       "\n",
       "    .dataframe thead th {\n",
       "        text-align: right;\n",
       "    }\n",
       "</style>\n",
       "<table border=\"1\" class=\"dataframe\">\n",
       "  <thead>\n",
       "    <tr style=\"text-align: right;\">\n",
       "      <th></th>\n",
       "      <th>date</th>\n",
       "      <th>device</th>\n",
       "      <th>failure</th>\n",
       "      <th>attribute1</th>\n",
       "      <th>attribute2</th>\n",
       "      <th>attribute3</th>\n",
       "      <th>attribute4</th>\n",
       "      <th>attribute5</th>\n",
       "      <th>attribute6</th>\n",
       "      <th>attribute7</th>\n",
       "      <th>attribute8</th>\n",
       "      <th>attribute9</th>\n",
       "    </tr>\n",
       "  </thead>\n",
       "  <tbody>\n",
       "    <tr>\n",
       "      <th>0</th>\n",
       "      <td>2015-01-01</td>\n",
       "      <td>S1F01085</td>\n",
       "      <td>0</td>\n",
       "      <td>215630672</td>\n",
       "      <td>56</td>\n",
       "      <td>0</td>\n",
       "      <td>52</td>\n",
       "      <td>6</td>\n",
       "      <td>407438</td>\n",
       "      <td>0</td>\n",
       "      <td>0</td>\n",
       "      <td>7</td>\n",
       "    </tr>\n",
       "    <tr>\n",
       "      <th>1</th>\n",
       "      <td>2015-01-01</td>\n",
       "      <td>S1F0166B</td>\n",
       "      <td>0</td>\n",
       "      <td>61370680</td>\n",
       "      <td>0</td>\n",
       "      <td>3</td>\n",
       "      <td>0</td>\n",
       "      <td>6</td>\n",
       "      <td>403174</td>\n",
       "      <td>0</td>\n",
       "      <td>0</td>\n",
       "      <td>0</td>\n",
       "    </tr>\n",
       "    <tr>\n",
       "      <th>2</th>\n",
       "      <td>2015-01-01</td>\n",
       "      <td>S1F01E6Y</td>\n",
       "      <td>0</td>\n",
       "      <td>173295968</td>\n",
       "      <td>0</td>\n",
       "      <td>0</td>\n",
       "      <td>0</td>\n",
       "      <td>12</td>\n",
       "      <td>237394</td>\n",
       "      <td>0</td>\n",
       "      <td>0</td>\n",
       "      <td>0</td>\n",
       "    </tr>\n",
       "    <tr>\n",
       "      <th>3</th>\n",
       "      <td>2015-01-01</td>\n",
       "      <td>S1F01JE0</td>\n",
       "      <td>0</td>\n",
       "      <td>79694024</td>\n",
       "      <td>0</td>\n",
       "      <td>0</td>\n",
       "      <td>0</td>\n",
       "      <td>6</td>\n",
       "      <td>410186</td>\n",
       "      <td>0</td>\n",
       "      <td>0</td>\n",
       "      <td>0</td>\n",
       "    </tr>\n",
       "    <tr>\n",
       "      <th>4</th>\n",
       "      <td>2015-01-01</td>\n",
       "      <td>S1F01R2B</td>\n",
       "      <td>0</td>\n",
       "      <td>135970480</td>\n",
       "      <td>0</td>\n",
       "      <td>0</td>\n",
       "      <td>0</td>\n",
       "      <td>15</td>\n",
       "      <td>313173</td>\n",
       "      <td>0</td>\n",
       "      <td>0</td>\n",
       "      <td>3</td>\n",
       "    </tr>\n",
       "  </tbody>\n",
       "</table>\n",
       "</div>"
      ],
      "text/plain": [
       "         date    device  failure  attribute1  attribute2  attribute3  \\\n",
       "0  2015-01-01  S1F01085        0   215630672          56           0   \n",
       "1  2015-01-01  S1F0166B        0    61370680           0           3   \n",
       "2  2015-01-01  S1F01E6Y        0   173295968           0           0   \n",
       "3  2015-01-01  S1F01JE0        0    79694024           0           0   \n",
       "4  2015-01-01  S1F01R2B        0   135970480           0           0   \n",
       "\n",
       "   attribute4  attribute5  attribute6  attribute7  attribute8  attribute9  \n",
       "0          52           6      407438           0           0           7  \n",
       "1           0           6      403174           0           0           0  \n",
       "2           0          12      237394           0           0           0  \n",
       "3           0           6      410186           0           0           0  \n",
       "4           0          15      313173           0           0           3  "
      ]
     },
     "execution_count": 3,
     "metadata": {},
     "output_type": "execute_result"
    }
   ],
   "source": [
    "df.head()"
   ]
  },
  {
   "cell_type": "code",
   "execution_count": 4,
   "metadata": {},
   "outputs": [
    {
     "data": {
      "text/html": [
       "<div>\n",
       "<style scoped>\n",
       "    .dataframe tbody tr th:only-of-type {\n",
       "        vertical-align: middle;\n",
       "    }\n",
       "\n",
       "    .dataframe tbody tr th {\n",
       "        vertical-align: top;\n",
       "    }\n",
       "\n",
       "    .dataframe thead th {\n",
       "        text-align: right;\n",
       "    }\n",
       "</style>\n",
       "<table border=\"1\" class=\"dataframe\">\n",
       "  <thead>\n",
       "    <tr style=\"text-align: right;\">\n",
       "      <th></th>\n",
       "      <th>failure</th>\n",
       "      <th>attribute1</th>\n",
       "      <th>attribute2</th>\n",
       "      <th>attribute3</th>\n",
       "      <th>attribute4</th>\n",
       "      <th>attribute5</th>\n",
       "      <th>attribute6</th>\n",
       "      <th>attribute7</th>\n",
       "      <th>attribute8</th>\n",
       "      <th>attribute9</th>\n",
       "    </tr>\n",
       "  </thead>\n",
       "  <tbody>\n",
       "    <tr>\n",
       "      <th>failure</th>\n",
       "      <td>1.000000</td>\n",
       "      <td>0.001984</td>\n",
       "      <td>0.052902</td>\n",
       "      <td>-0.000948</td>\n",
       "      <td>0.067398</td>\n",
       "      <td>0.002270</td>\n",
       "      <td>-0.000550</td>\n",
       "      <td>0.119055</td>\n",
       "      <td>0.119055</td>\n",
       "      <td>0.001622</td>\n",
       "    </tr>\n",
       "    <tr>\n",
       "      <th>attribute1</th>\n",
       "      <td>0.001984</td>\n",
       "      <td>1.000000</td>\n",
       "      <td>-0.004248</td>\n",
       "      <td>0.003702</td>\n",
       "      <td>0.001837</td>\n",
       "      <td>-0.003370</td>\n",
       "      <td>-0.001516</td>\n",
       "      <td>0.000151</td>\n",
       "      <td>0.000151</td>\n",
       "      <td>0.001122</td>\n",
       "    </tr>\n",
       "    <tr>\n",
       "      <th>attribute2</th>\n",
       "      <td>0.052902</td>\n",
       "      <td>-0.004248</td>\n",
       "      <td>1.000000</td>\n",
       "      <td>-0.002617</td>\n",
       "      <td>0.146593</td>\n",
       "      <td>-0.013999</td>\n",
       "      <td>-0.026350</td>\n",
       "      <td>0.141367</td>\n",
       "      <td>0.141367</td>\n",
       "      <td>-0.002736</td>\n",
       "    </tr>\n",
       "    <tr>\n",
       "      <th>attribute3</th>\n",
       "      <td>-0.000948</td>\n",
       "      <td>0.003702</td>\n",
       "      <td>-0.002617</td>\n",
       "      <td>1.000000</td>\n",
       "      <td>0.097452</td>\n",
       "      <td>-0.006696</td>\n",
       "      <td>0.009027</td>\n",
       "      <td>-0.001884</td>\n",
       "      <td>-0.001884</td>\n",
       "      <td>0.532366</td>\n",
       "    </tr>\n",
       "    <tr>\n",
       "      <th>attribute4</th>\n",
       "      <td>0.067398</td>\n",
       "      <td>0.001837</td>\n",
       "      <td>0.146593</td>\n",
       "      <td>0.097452</td>\n",
       "      <td>1.000000</td>\n",
       "      <td>-0.009773</td>\n",
       "      <td>0.024870</td>\n",
       "      <td>0.045631</td>\n",
       "      <td>0.045631</td>\n",
       "      <td>0.036069</td>\n",
       "    </tr>\n",
       "    <tr>\n",
       "      <th>attribute5</th>\n",
       "      <td>0.002270</td>\n",
       "      <td>-0.003370</td>\n",
       "      <td>-0.013999</td>\n",
       "      <td>-0.006696</td>\n",
       "      <td>-0.009773</td>\n",
       "      <td>1.000000</td>\n",
       "      <td>-0.017051</td>\n",
       "      <td>-0.009384</td>\n",
       "      <td>-0.009384</td>\n",
       "      <td>0.005949</td>\n",
       "    </tr>\n",
       "    <tr>\n",
       "      <th>attribute6</th>\n",
       "      <td>-0.000550</td>\n",
       "      <td>-0.001516</td>\n",
       "      <td>-0.026350</td>\n",
       "      <td>0.009027</td>\n",
       "      <td>0.024870</td>\n",
       "      <td>-0.017051</td>\n",
       "      <td>1.000000</td>\n",
       "      <td>-0.012207</td>\n",
       "      <td>-0.012207</td>\n",
       "      <td>0.021152</td>\n",
       "    </tr>\n",
       "    <tr>\n",
       "      <th>attribute7</th>\n",
       "      <td>0.119055</td>\n",
       "      <td>0.000151</td>\n",
       "      <td>0.141367</td>\n",
       "      <td>-0.001884</td>\n",
       "      <td>0.045631</td>\n",
       "      <td>-0.009384</td>\n",
       "      <td>-0.012207</td>\n",
       "      <td>1.000000</td>\n",
       "      <td>1.000000</td>\n",
       "      <td>0.006861</td>\n",
       "    </tr>\n",
       "    <tr>\n",
       "      <th>attribute8</th>\n",
       "      <td>0.119055</td>\n",
       "      <td>0.000151</td>\n",
       "      <td>0.141367</td>\n",
       "      <td>-0.001884</td>\n",
       "      <td>0.045631</td>\n",
       "      <td>-0.009384</td>\n",
       "      <td>-0.012207</td>\n",
       "      <td>1.000000</td>\n",
       "      <td>1.000000</td>\n",
       "      <td>0.006861</td>\n",
       "    </tr>\n",
       "    <tr>\n",
       "      <th>attribute9</th>\n",
       "      <td>0.001622</td>\n",
       "      <td>0.001122</td>\n",
       "      <td>-0.002736</td>\n",
       "      <td>0.532366</td>\n",
       "      <td>0.036069</td>\n",
       "      <td>0.005949</td>\n",
       "      <td>0.021152</td>\n",
       "      <td>0.006861</td>\n",
       "      <td>0.006861</td>\n",
       "      <td>1.000000</td>\n",
       "    </tr>\n",
       "  </tbody>\n",
       "</table>\n",
       "</div>"
      ],
      "text/plain": [
       "             failure  attribute1  attribute2  attribute3  attribute4  \\\n",
       "failure     1.000000    0.001984    0.052902   -0.000948    0.067398   \n",
       "attribute1  0.001984    1.000000   -0.004248    0.003702    0.001837   \n",
       "attribute2  0.052902   -0.004248    1.000000   -0.002617    0.146593   \n",
       "attribute3 -0.000948    0.003702   -0.002617    1.000000    0.097452   \n",
       "attribute4  0.067398    0.001837    0.146593    0.097452    1.000000   \n",
       "attribute5  0.002270   -0.003370   -0.013999   -0.006696   -0.009773   \n",
       "attribute6 -0.000550   -0.001516   -0.026350    0.009027    0.024870   \n",
       "attribute7  0.119055    0.000151    0.141367   -0.001884    0.045631   \n",
       "attribute8  0.119055    0.000151    0.141367   -0.001884    0.045631   \n",
       "attribute9  0.001622    0.001122   -0.002736    0.532366    0.036069   \n",
       "\n",
       "            attribute5  attribute6  attribute7  attribute8  attribute9  \n",
       "failure       0.002270   -0.000550    0.119055    0.119055    0.001622  \n",
       "attribute1   -0.003370   -0.001516    0.000151    0.000151    0.001122  \n",
       "attribute2   -0.013999   -0.026350    0.141367    0.141367   -0.002736  \n",
       "attribute3   -0.006696    0.009027   -0.001884   -0.001884    0.532366  \n",
       "attribute4   -0.009773    0.024870    0.045631    0.045631    0.036069  \n",
       "attribute5    1.000000   -0.017051   -0.009384   -0.009384    0.005949  \n",
       "attribute6   -0.017051    1.000000   -0.012207   -0.012207    0.021152  \n",
       "attribute7   -0.009384   -0.012207    1.000000    1.000000    0.006861  \n",
       "attribute8   -0.009384   -0.012207    1.000000    1.000000    0.006861  \n",
       "attribute9    0.005949    0.021152    0.006861    0.006861    1.000000  "
      ]
     },
     "execution_count": 4,
     "metadata": {},
     "output_type": "execute_result"
    }
   ],
   "source": [
    "#check current correlations \n",
    "df.corr()"
   ]
  },
  {
   "cell_type": "code",
   "execution_count": 5,
   "metadata": {},
   "outputs": [
    {
     "data": {
      "text/plain": [
       "0    124388\n",
       "1       106\n",
       "Name: failure, dtype: int64"
      ]
     },
     "execution_count": 5,
     "metadata": {},
     "output_type": "execute_result"
    }
   ],
   "source": [
    "df['failure'].value_counts()"
   ]
  },
  {
   "cell_type": "code",
   "execution_count": 6,
   "metadata": {},
   "outputs": [
    {
     "data": {
      "text/plain": [
       "1168"
      ]
     },
     "execution_count": 6,
     "metadata": {},
     "output_type": "execute_result"
    }
   ],
   "source": [
    "len(df['device'].unique())"
   ]
  },
  {
   "cell_type": "code",
   "execution_count": 7,
   "metadata": {},
   "outputs": [],
   "source": [
    "#pandas profiling\n",
    "#df.profile_report(style={'full_width':True})"
   ]
  },
  {
   "cell_type": "markdown",
   "metadata": {},
   "source": [
    "### Group by Device"
   ]
  },
  {
   "cell_type": "code",
   "execution_count": 8,
   "metadata": {},
   "outputs": [],
   "source": [
    "#sort by device, reordered by latest date\n",
    "df_sorted = df.sort_values(by = ['device', 'date'], ascending = False )"
   ]
  },
  {
   "cell_type": "code",
   "execution_count": 9,
   "metadata": {},
   "outputs": [],
   "source": [
    "#keep first obvservation by device name, drop everything else, and reset index\n",
    "df_sorted.drop_duplicates(subset = 'device', keep='first', inplace = True)"
   ]
  },
  {
   "cell_type": "code",
   "execution_count": 10,
   "metadata": {},
   "outputs": [
    {
     "data": {
      "text/html": [
       "<div>\n",
       "<style scoped>\n",
       "    .dataframe tbody tr th:only-of-type {\n",
       "        vertical-align: middle;\n",
       "    }\n",
       "\n",
       "    .dataframe tbody tr th {\n",
       "        vertical-align: top;\n",
       "    }\n",
       "\n",
       "    .dataframe thead th {\n",
       "        text-align: right;\n",
       "    }\n",
       "</style>\n",
       "<table border=\"1\" class=\"dataframe\">\n",
       "  <thead>\n",
       "    <tr style=\"text-align: right;\">\n",
       "      <th></th>\n",
       "      <th>date</th>\n",
       "      <th>device</th>\n",
       "      <th>failure</th>\n",
       "      <th>attribute1</th>\n",
       "      <th>attribute2</th>\n",
       "      <th>attribute3</th>\n",
       "      <th>attribute4</th>\n",
       "      <th>attribute5</th>\n",
       "      <th>attribute6</th>\n",
       "      <th>attribute7</th>\n",
       "      <th>attribute8</th>\n",
       "      <th>attribute9</th>\n",
       "    </tr>\n",
       "  </thead>\n",
       "  <tbody>\n",
       "    <tr>\n",
       "      <th>67274</th>\n",
       "      <td>2015-04-06</td>\n",
       "      <td>Z1F2PBHX</td>\n",
       "      <td>0</td>\n",
       "      <td>130522432</td>\n",
       "      <td>0</td>\n",
       "      <td>0</td>\n",
       "      <td>0</td>\n",
       "      <td>5</td>\n",
       "      <td>164020</td>\n",
       "      <td>0</td>\n",
       "      <td>0</td>\n",
       "      <td>0</td>\n",
       "    </tr>\n",
       "    <tr>\n",
       "      <th>61309</th>\n",
       "      <td>2015-03-25</td>\n",
       "      <td>Z1F282ZV</td>\n",
       "      <td>0</td>\n",
       "      <td>72717600</td>\n",
       "      <td>0</td>\n",
       "      <td>1</td>\n",
       "      <td>0</td>\n",
       "      <td>1</td>\n",
       "      <td>192919</td>\n",
       "      <td>0</td>\n",
       "      <td>0</td>\n",
       "      <td>0</td>\n",
       "    </tr>\n",
       "    <tr>\n",
       "      <th>61308</th>\n",
       "      <td>2015-03-25</td>\n",
       "      <td>Z1F26YZB</td>\n",
       "      <td>0</td>\n",
       "      <td>229065488</td>\n",
       "      <td>0</td>\n",
       "      <td>1</td>\n",
       "      <td>0</td>\n",
       "      <td>1</td>\n",
       "      <td>292052</td>\n",
       "      <td>0</td>\n",
       "      <td>0</td>\n",
       "      <td>0</td>\n",
       "    </tr>\n",
       "    <tr>\n",
       "      <th>98175</th>\n",
       "      <td>2015-06-30</td>\n",
       "      <td>Z1F1VQFY</td>\n",
       "      <td>1</td>\n",
       "      <td>178051496</td>\n",
       "      <td>0</td>\n",
       "      <td>0</td>\n",
       "      <td>0</td>\n",
       "      <td>7</td>\n",
       "      <td>265316</td>\n",
       "      <td>0</td>\n",
       "      <td>0</td>\n",
       "      <td>0</td>\n",
       "    </tr>\n",
       "    <tr>\n",
       "      <th>124003</th>\n",
       "      <td>2015-10-19</td>\n",
       "      <td>Z1F1VMZB</td>\n",
       "      <td>0</td>\n",
       "      <td>96949360</td>\n",
       "      <td>0</td>\n",
       "      <td>0</td>\n",
       "      <td>0</td>\n",
       "      <td>5</td>\n",
       "      <td>263507</td>\n",
       "      <td>0</td>\n",
       "      <td>0</td>\n",
       "      <td>0</td>\n",
       "    </tr>\n",
       "    <tr>\n",
       "      <th>77811</th>\n",
       "      <td>2015-05-04</td>\n",
       "      <td>Z1F1RJFA</td>\n",
       "      <td>1</td>\n",
       "      <td>123190616</td>\n",
       "      <td>62296</td>\n",
       "      <td>1</td>\n",
       "      <td>9</td>\n",
       "      <td>4</td>\n",
       "      <td>336709</td>\n",
       "      <td>0</td>\n",
       "      <td>0</td>\n",
       "      <td>0</td>\n",
       "    </tr>\n",
       "    <tr>\n",
       "      <th>6859</th>\n",
       "      <td>2015-01-06</td>\n",
       "      <td>Z1F1RE71</td>\n",
       "      <td>0</td>\n",
       "      <td>77380208</td>\n",
       "      <td>0</td>\n",
       "      <td>1</td>\n",
       "      <td>0</td>\n",
       "      <td>3</td>\n",
       "      <td>185854</td>\n",
       "      <td>0</td>\n",
       "      <td>0</td>\n",
       "      <td>0</td>\n",
       "    </tr>\n",
       "    <tr>\n",
       "      <th>117380</th>\n",
       "      <td>2015-09-02</td>\n",
       "      <td>Z1F1R76A</td>\n",
       "      <td>0</td>\n",
       "      <td>65052704</td>\n",
       "      <td>0</td>\n",
       "      <td>0</td>\n",
       "      <td>0</td>\n",
       "      <td>8</td>\n",
       "      <td>369270</td>\n",
       "      <td>0</td>\n",
       "      <td>0</td>\n",
       "      <td>12</td>\n",
       "    </tr>\n",
       "    <tr>\n",
       "      <th>60035</th>\n",
       "      <td>2015-03-23</td>\n",
       "      <td>Z1F1Q9BD</td>\n",
       "      <td>0</td>\n",
       "      <td>154629376</td>\n",
       "      <td>0</td>\n",
       "      <td>0</td>\n",
       "      <td>0</td>\n",
       "      <td>7</td>\n",
       "      <td>255446</td>\n",
       "      <td>0</td>\n",
       "      <td>0</td>\n",
       "      <td>0</td>\n",
       "    </tr>\n",
       "    <tr>\n",
       "      <th>6856</th>\n",
       "      <td>2015-01-06</td>\n",
       "      <td>Z1F1HSWK</td>\n",
       "      <td>0</td>\n",
       "      <td>120187320</td>\n",
       "      <td>0</td>\n",
       "      <td>0</td>\n",
       "      <td>0</td>\n",
       "      <td>5</td>\n",
       "      <td>362008</td>\n",
       "      <td>0</td>\n",
       "      <td>0</td>\n",
       "      <td>6</td>\n",
       "    </tr>\n",
       "  </tbody>\n",
       "</table>\n",
       "</div>"
      ],
      "text/plain": [
       "              date    device  failure  attribute1  attribute2  attribute3  \\\n",
       "67274   2015-04-06  Z1F2PBHX        0   130522432           0           0   \n",
       "61309   2015-03-25  Z1F282ZV        0    72717600           0           1   \n",
       "61308   2015-03-25  Z1F26YZB        0   229065488           0           1   \n",
       "98175   2015-06-30  Z1F1VQFY        1   178051496           0           0   \n",
       "124003  2015-10-19  Z1F1VMZB        0    96949360           0           0   \n",
       "77811   2015-05-04  Z1F1RJFA        1   123190616       62296           1   \n",
       "6859    2015-01-06  Z1F1RE71        0    77380208           0           1   \n",
       "117380  2015-09-02  Z1F1R76A        0    65052704           0           0   \n",
       "60035   2015-03-23  Z1F1Q9BD        0   154629376           0           0   \n",
       "6856    2015-01-06  Z1F1HSWK        0   120187320           0           0   \n",
       "\n",
       "        attribute4  attribute5  attribute6  attribute7  attribute8  attribute9  \n",
       "67274            0           5      164020           0           0           0  \n",
       "61309            0           1      192919           0           0           0  \n",
       "61308            0           1      292052           0           0           0  \n",
       "98175            0           7      265316           0           0           0  \n",
       "124003           0           5      263507           0           0           0  \n",
       "77811            9           4      336709           0           0           0  \n",
       "6859             0           3      185854           0           0           0  \n",
       "117380           0           8      369270           0           0          12  \n",
       "60035            0           7      255446           0           0           0  \n",
       "6856             0           5      362008           0           0           6  "
      ]
     },
     "execution_count": 10,
     "metadata": {},
     "output_type": "execute_result"
    }
   ],
   "source": [
    "#reset index \n",
    "df_sorted.reset_index(drop = True)\n",
    "df_sorted.head(10)"
   ]
  },
  {
   "cell_type": "code",
   "execution_count": 11,
   "metadata": {},
   "outputs": [
    {
     "name": "stdout",
     "output_type": "stream",
     "text": [
      "<class 'pandas.core.frame.DataFrame'>\n",
      "Int64Index: 1168 entries, 67274 to 5812\n",
      "Data columns (total 12 columns):\n",
      "date          1168 non-null object\n",
      "device        1168 non-null object\n",
      "failure       1168 non-null int64\n",
      "attribute1    1168 non-null int64\n",
      "attribute2    1168 non-null int64\n",
      "attribute3    1168 non-null int64\n",
      "attribute4    1168 non-null int64\n",
      "attribute5    1168 non-null int64\n",
      "attribute6    1168 non-null int64\n",
      "attribute7    1168 non-null int64\n",
      "attribute8    1168 non-null int64\n",
      "attribute9    1168 non-null int64\n",
      "dtypes: int64(10), object(2)\n",
      "memory usage: 118.6+ KB\n"
     ]
    }
   ],
   "source": [
    "df_sorted.info()"
   ]
  },
  {
   "cell_type": "code",
   "execution_count": 12,
   "metadata": {},
   "outputs": [
    {
     "data": {
      "text/plain": [
       "0    1067\n",
       "1     101\n",
       "Name: failure, dtype: int64"
      ]
     },
     "execution_count": 12,
     "metadata": {},
     "output_type": "execute_result"
    }
   ],
   "source": [
    "df_sorted['failure'].value_counts()"
   ]
  },
  {
   "cell_type": "code",
   "execution_count": 13,
   "metadata": {},
   "outputs": [
    {
     "data": {
      "text/html": [
       "<div>\n",
       "<style scoped>\n",
       "    .dataframe tbody tr th:only-of-type {\n",
       "        vertical-align: middle;\n",
       "    }\n",
       "\n",
       "    .dataframe tbody tr th {\n",
       "        vertical-align: top;\n",
       "    }\n",
       "\n",
       "    .dataframe thead th {\n",
       "        text-align: right;\n",
       "    }\n",
       "</style>\n",
       "<table border=\"1\" class=\"dataframe\">\n",
       "  <thead>\n",
       "    <tr style=\"text-align: right;\">\n",
       "      <th></th>\n",
       "      <th>failure</th>\n",
       "      <th>attribute1</th>\n",
       "      <th>attribute2</th>\n",
       "      <th>attribute3</th>\n",
       "      <th>attribute4</th>\n",
       "      <th>attribute5</th>\n",
       "      <th>attribute6</th>\n",
       "      <th>attribute7</th>\n",
       "      <th>attribute8</th>\n",
       "      <th>attribute9</th>\n",
       "    </tr>\n",
       "  </thead>\n",
       "  <tbody>\n",
       "    <tr>\n",
       "      <th>failure</th>\n",
       "      <td>1.000000</td>\n",
       "      <td>0.018729</td>\n",
       "      <td>0.171187</td>\n",
       "      <td>-0.011361</td>\n",
       "      <td>0.160769</td>\n",
       "      <td>0.084073</td>\n",
       "      <td>-0.042033</td>\n",
       "      <td>0.194289</td>\n",
       "      <td>0.194289</td>\n",
       "      <td>-0.011368</td>\n",
       "    </tr>\n",
       "    <tr>\n",
       "      <th>attribute1</th>\n",
       "      <td>0.018729</td>\n",
       "      <td>1.000000</td>\n",
       "      <td>-0.030013</td>\n",
       "      <td>0.056346</td>\n",
       "      <td>0.009994</td>\n",
       "      <td>0.004548</td>\n",
       "      <td>-0.055800</td>\n",
       "      <td>0.059128</td>\n",
       "      <td>0.059128</td>\n",
       "      <td>-0.017018</td>\n",
       "    </tr>\n",
       "    <tr>\n",
       "      <th>attribute2</th>\n",
       "      <td>0.171187</td>\n",
       "      <td>-0.030013</td>\n",
       "      <td>1.000000</td>\n",
       "      <td>-0.003276</td>\n",
       "      <td>0.349730</td>\n",
       "      <td>-0.005972</td>\n",
       "      <td>-0.026274</td>\n",
       "      <td>0.086757</td>\n",
       "      <td>0.086757</td>\n",
       "      <td>-0.005890</td>\n",
       "    </tr>\n",
       "    <tr>\n",
       "      <th>attribute3</th>\n",
       "      <td>-0.011361</td>\n",
       "      <td>0.056346</td>\n",
       "      <td>-0.003276</td>\n",
       "      <td>1.000000</td>\n",
       "      <td>0.189068</td>\n",
       "      <td>-0.023516</td>\n",
       "      <td>0.025655</td>\n",
       "      <td>-0.003929</td>\n",
       "      <td>-0.003929</td>\n",
       "      <td>0.447703</td>\n",
       "    </tr>\n",
       "    <tr>\n",
       "      <th>attribute4</th>\n",
       "      <td>0.160769</td>\n",
       "      <td>0.009994</td>\n",
       "      <td>0.349730</td>\n",
       "      <td>0.189068</td>\n",
       "      <td>1.000000</td>\n",
       "      <td>-0.006760</td>\n",
       "      <td>0.001997</td>\n",
       "      <td>0.059203</td>\n",
       "      <td>0.059203</td>\n",
       "      <td>0.078266</td>\n",
       "    </tr>\n",
       "    <tr>\n",
       "      <th>attribute5</th>\n",
       "      <td>0.084073</td>\n",
       "      <td>0.004548</td>\n",
       "      <td>-0.005972</td>\n",
       "      <td>-0.023516</td>\n",
       "      <td>-0.006760</td>\n",
       "      <td>1.000000</td>\n",
       "      <td>-0.013275</td>\n",
       "      <td>-0.001246</td>\n",
       "      <td>-0.001246</td>\n",
       "      <td>-0.028121</td>\n",
       "    </tr>\n",
       "    <tr>\n",
       "      <th>attribute6</th>\n",
       "      <td>-0.042033</td>\n",
       "      <td>-0.055800</td>\n",
       "      <td>-0.026274</td>\n",
       "      <td>0.025655</td>\n",
       "      <td>0.001997</td>\n",
       "      <td>-0.013275</td>\n",
       "      <td>1.000000</td>\n",
       "      <td>-0.067541</td>\n",
       "      <td>-0.067541</td>\n",
       "      <td>0.019830</td>\n",
       "    </tr>\n",
       "    <tr>\n",
       "      <th>attribute7</th>\n",
       "      <td>0.194289</td>\n",
       "      <td>0.059128</td>\n",
       "      <td>0.086757</td>\n",
       "      <td>-0.003929</td>\n",
       "      <td>0.059203</td>\n",
       "      <td>-0.001246</td>\n",
       "      <td>-0.067541</td>\n",
       "      <td>1.000000</td>\n",
       "      <td>1.000000</td>\n",
       "      <td>0.016103</td>\n",
       "    </tr>\n",
       "    <tr>\n",
       "      <th>attribute8</th>\n",
       "      <td>0.194289</td>\n",
       "      <td>0.059128</td>\n",
       "      <td>0.086757</td>\n",
       "      <td>-0.003929</td>\n",
       "      <td>0.059203</td>\n",
       "      <td>-0.001246</td>\n",
       "      <td>-0.067541</td>\n",
       "      <td>1.000000</td>\n",
       "      <td>1.000000</td>\n",
       "      <td>0.016103</td>\n",
       "    </tr>\n",
       "    <tr>\n",
       "      <th>attribute9</th>\n",
       "      <td>-0.011368</td>\n",
       "      <td>-0.017018</td>\n",
       "      <td>-0.005890</td>\n",
       "      <td>0.447703</td>\n",
       "      <td>0.078266</td>\n",
       "      <td>-0.028121</td>\n",
       "      <td>0.019830</td>\n",
       "      <td>0.016103</td>\n",
       "      <td>0.016103</td>\n",
       "      <td>1.000000</td>\n",
       "    </tr>\n",
       "  </tbody>\n",
       "</table>\n",
       "</div>"
      ],
      "text/plain": [
       "             failure  attribute1  attribute2  attribute3  attribute4  \\\n",
       "failure     1.000000    0.018729    0.171187   -0.011361    0.160769   \n",
       "attribute1  0.018729    1.000000   -0.030013    0.056346    0.009994   \n",
       "attribute2  0.171187   -0.030013    1.000000   -0.003276    0.349730   \n",
       "attribute3 -0.011361    0.056346   -0.003276    1.000000    0.189068   \n",
       "attribute4  0.160769    0.009994    0.349730    0.189068    1.000000   \n",
       "attribute5  0.084073    0.004548   -0.005972   -0.023516   -0.006760   \n",
       "attribute6 -0.042033   -0.055800   -0.026274    0.025655    0.001997   \n",
       "attribute7  0.194289    0.059128    0.086757   -0.003929    0.059203   \n",
       "attribute8  0.194289    0.059128    0.086757   -0.003929    0.059203   \n",
       "attribute9 -0.011368   -0.017018   -0.005890    0.447703    0.078266   \n",
       "\n",
       "            attribute5  attribute6  attribute7  attribute8  attribute9  \n",
       "failure       0.084073   -0.042033    0.194289    0.194289   -0.011368  \n",
       "attribute1    0.004548   -0.055800    0.059128    0.059128   -0.017018  \n",
       "attribute2   -0.005972   -0.026274    0.086757    0.086757   -0.005890  \n",
       "attribute3   -0.023516    0.025655   -0.003929   -0.003929    0.447703  \n",
       "attribute4   -0.006760    0.001997    0.059203    0.059203    0.078266  \n",
       "attribute5    1.000000   -0.013275   -0.001246   -0.001246   -0.028121  \n",
       "attribute6   -0.013275    1.000000   -0.067541   -0.067541    0.019830  \n",
       "attribute7   -0.001246   -0.067541    1.000000    1.000000    0.016103  \n",
       "attribute8   -0.001246   -0.067541    1.000000    1.000000    0.016103  \n",
       "attribute9   -0.028121    0.019830    0.016103    0.016103    1.000000  "
      ]
     },
     "execution_count": 13,
     "metadata": {},
     "output_type": "execute_result"
    }
   ],
   "source": [
    "df_sorted.corr()"
   ]
  },
  {
   "cell_type": "code",
   "execution_count": null,
   "metadata": {},
   "outputs": [],
   "source": []
  },
  {
   "cell_type": "code",
   "execution_count": null,
   "metadata": {},
   "outputs": [],
   "source": []
  },
  {
   "cell_type": "markdown",
   "metadata": {},
   "source": [
    "## Preprocessing Structured Data"
   ]
  },
  {
   "cell_type": "code",
   "execution_count": 14,
   "metadata": {},
   "outputs": [
    {
     "data": {
      "text/plain": [
       "True"
      ]
     },
     "execution_count": 14,
     "metadata": {},
     "output_type": "execute_result"
    }
   ],
   "source": [
    "df_sorted['attribute8'].equals(df_sorted['attribute7'])"
   ]
  },
  {
   "cell_type": "code",
   "execution_count": 15,
   "metadata": {},
   "outputs": [],
   "source": [
    "#drop attribute8 column because it is a duplicate of attribute7\n",
    "df_sorted =df_sorted.drop(columns = ['attribute8'])"
   ]
  },
  {
   "cell_type": "code",
   "execution_count": 16,
   "metadata": {},
   "outputs": [],
   "source": [
    "#make classification and continous variables\n",
    "cat_columns = ['attribute3','attribute5','attribute7','attribute9']\n",
    "df_sorted[cat_columns]= df_sorted[cat_columns].astype(str)\n"
   ]
  },
  {
   "cell_type": "code",
   "execution_count": 17,
   "metadata": {},
   "outputs": [
    {
     "data": {
      "text/html": [
       "<div>\n",
       "<style scoped>\n",
       "    .dataframe tbody tr th:only-of-type {\n",
       "        vertical-align: middle;\n",
       "    }\n",
       "\n",
       "    .dataframe tbody tr th {\n",
       "        vertical-align: top;\n",
       "    }\n",
       "\n",
       "    .dataframe thead th {\n",
       "        text-align: right;\n",
       "    }\n",
       "</style>\n",
       "<table border=\"1\" class=\"dataframe\">\n",
       "  <thead>\n",
       "    <tr style=\"text-align: right;\">\n",
       "      <th></th>\n",
       "      <th>failure</th>\n",
       "      <th>attribute1</th>\n",
       "      <th>attribute2</th>\n",
       "      <th>attribute3</th>\n",
       "      <th>attribute4</th>\n",
       "      <th>attribute5</th>\n",
       "      <th>attribute6</th>\n",
       "      <th>attribute7</th>\n",
       "      <th>attribute8</th>\n",
       "      <th>attribute9</th>\n",
       "    </tr>\n",
       "  </thead>\n",
       "  <tbody>\n",
       "    <tr>\n",
       "      <th>failure</th>\n",
       "      <td>1.000000</td>\n",
       "      <td>0.001984</td>\n",
       "      <td>0.052902</td>\n",
       "      <td>-0.000948</td>\n",
       "      <td>0.067398</td>\n",
       "      <td>0.002270</td>\n",
       "      <td>-0.000550</td>\n",
       "      <td>0.119055</td>\n",
       "      <td>0.119055</td>\n",
       "      <td>0.001622</td>\n",
       "    </tr>\n",
       "    <tr>\n",
       "      <th>attribute1</th>\n",
       "      <td>0.001984</td>\n",
       "      <td>1.000000</td>\n",
       "      <td>-0.004248</td>\n",
       "      <td>0.003702</td>\n",
       "      <td>0.001837</td>\n",
       "      <td>-0.003370</td>\n",
       "      <td>-0.001516</td>\n",
       "      <td>0.000151</td>\n",
       "      <td>0.000151</td>\n",
       "      <td>0.001122</td>\n",
       "    </tr>\n",
       "    <tr>\n",
       "      <th>attribute2</th>\n",
       "      <td>0.052902</td>\n",
       "      <td>-0.004248</td>\n",
       "      <td>1.000000</td>\n",
       "      <td>-0.002617</td>\n",
       "      <td>0.146593</td>\n",
       "      <td>-0.013999</td>\n",
       "      <td>-0.026350</td>\n",
       "      <td>0.141367</td>\n",
       "      <td>0.141367</td>\n",
       "      <td>-0.002736</td>\n",
       "    </tr>\n",
       "    <tr>\n",
       "      <th>attribute3</th>\n",
       "      <td>-0.000948</td>\n",
       "      <td>0.003702</td>\n",
       "      <td>-0.002617</td>\n",
       "      <td>1.000000</td>\n",
       "      <td>0.097452</td>\n",
       "      <td>-0.006696</td>\n",
       "      <td>0.009027</td>\n",
       "      <td>-0.001884</td>\n",
       "      <td>-0.001884</td>\n",
       "      <td>0.532366</td>\n",
       "    </tr>\n",
       "    <tr>\n",
       "      <th>attribute4</th>\n",
       "      <td>0.067398</td>\n",
       "      <td>0.001837</td>\n",
       "      <td>0.146593</td>\n",
       "      <td>0.097452</td>\n",
       "      <td>1.000000</td>\n",
       "      <td>-0.009773</td>\n",
       "      <td>0.024870</td>\n",
       "      <td>0.045631</td>\n",
       "      <td>0.045631</td>\n",
       "      <td>0.036069</td>\n",
       "    </tr>\n",
       "    <tr>\n",
       "      <th>attribute5</th>\n",
       "      <td>0.002270</td>\n",
       "      <td>-0.003370</td>\n",
       "      <td>-0.013999</td>\n",
       "      <td>-0.006696</td>\n",
       "      <td>-0.009773</td>\n",
       "      <td>1.000000</td>\n",
       "      <td>-0.017051</td>\n",
       "      <td>-0.009384</td>\n",
       "      <td>-0.009384</td>\n",
       "      <td>0.005949</td>\n",
       "    </tr>\n",
       "    <tr>\n",
       "      <th>attribute6</th>\n",
       "      <td>-0.000550</td>\n",
       "      <td>-0.001516</td>\n",
       "      <td>-0.026350</td>\n",
       "      <td>0.009027</td>\n",
       "      <td>0.024870</td>\n",
       "      <td>-0.017051</td>\n",
       "      <td>1.000000</td>\n",
       "      <td>-0.012207</td>\n",
       "      <td>-0.012207</td>\n",
       "      <td>0.021152</td>\n",
       "    </tr>\n",
       "    <tr>\n",
       "      <th>attribute7</th>\n",
       "      <td>0.119055</td>\n",
       "      <td>0.000151</td>\n",
       "      <td>0.141367</td>\n",
       "      <td>-0.001884</td>\n",
       "      <td>0.045631</td>\n",
       "      <td>-0.009384</td>\n",
       "      <td>-0.012207</td>\n",
       "      <td>1.000000</td>\n",
       "      <td>1.000000</td>\n",
       "      <td>0.006861</td>\n",
       "    </tr>\n",
       "    <tr>\n",
       "      <th>attribute8</th>\n",
       "      <td>0.119055</td>\n",
       "      <td>0.000151</td>\n",
       "      <td>0.141367</td>\n",
       "      <td>-0.001884</td>\n",
       "      <td>0.045631</td>\n",
       "      <td>-0.009384</td>\n",
       "      <td>-0.012207</td>\n",
       "      <td>1.000000</td>\n",
       "      <td>1.000000</td>\n",
       "      <td>0.006861</td>\n",
       "    </tr>\n",
       "    <tr>\n",
       "      <th>attribute9</th>\n",
       "      <td>0.001622</td>\n",
       "      <td>0.001122</td>\n",
       "      <td>-0.002736</td>\n",
       "      <td>0.532366</td>\n",
       "      <td>0.036069</td>\n",
       "      <td>0.005949</td>\n",
       "      <td>0.021152</td>\n",
       "      <td>0.006861</td>\n",
       "      <td>0.006861</td>\n",
       "      <td>1.000000</td>\n",
       "    </tr>\n",
       "  </tbody>\n",
       "</table>\n",
       "</div>"
      ],
      "text/plain": [
       "             failure  attribute1  attribute2  attribute3  attribute4  \\\n",
       "failure     1.000000    0.001984    0.052902   -0.000948    0.067398   \n",
       "attribute1  0.001984    1.000000   -0.004248    0.003702    0.001837   \n",
       "attribute2  0.052902   -0.004248    1.000000   -0.002617    0.146593   \n",
       "attribute3 -0.000948    0.003702   -0.002617    1.000000    0.097452   \n",
       "attribute4  0.067398    0.001837    0.146593    0.097452    1.000000   \n",
       "attribute5  0.002270   -0.003370   -0.013999   -0.006696   -0.009773   \n",
       "attribute6 -0.000550   -0.001516   -0.026350    0.009027    0.024870   \n",
       "attribute7  0.119055    0.000151    0.141367   -0.001884    0.045631   \n",
       "attribute8  0.119055    0.000151    0.141367   -0.001884    0.045631   \n",
       "attribute9  0.001622    0.001122   -0.002736    0.532366    0.036069   \n",
       "\n",
       "            attribute5  attribute6  attribute7  attribute8  attribute9  \n",
       "failure       0.002270   -0.000550    0.119055    0.119055    0.001622  \n",
